0x916f992df86795f24de6c268cfb9031fbb1155da
